10 0.25 0.165625 0.0640625 0.121875
11 0.371875 0.16875 0.0671875 0.1140625
12 0.49375 0.16875 0.065625 0.1125
13 0.6171875 0.165625 0.06875 0.1203125
14 0.7375 0.1671875 0.0734375 0.1203125
15 0.246875 0.35625 0.078125 0.125
16 0.371875 0.3546875 0.06875 0.1140625
17 0.496875 0.3578125 0.0671875 0.1171875
18 0.7421875 0.3546875 0.075 0.1140625
19 0.2578125 0.525 0.0625 0.121875
20 0.3796875 0.5265625 0.0734375 0.1234375
21 0.5046875 0.5265625 0.0734375 0.1234375
22 0.6296875 0.525 0.0796875 0.1234375
23 0.253125 0.71875 0.078125 0.1203125
24 0.3796875 0.7203125 0.0703125 0.1171875
25 0.50625 0.715625 0.0671875 0.1203125
26 0.628125 0.7203125 0.06875 0.115625
27 0.7484375 0.715625 0.075 0.11875