28 0.1609375 0.19375 0.0859375 0.153125
29 0.31875 0.19375 0.084375 0.15
30 0.4828125 0.1921875 0.0921875 0.146875
31 0.64375 0.19375 0.0875 0.15
32 0.8015625 0.1921875 0.0859375 0.15625
33 0.1578125 0.4390625 0.0890625 0.153125
2 0.15 0.6484375 0.04375 0.1609375
3 0.3015625 0.6484375 0.09375 0.15
4 0.4625 0.646875 0.0859375 0.1578125
5 0.7765625 0.6484375 0.0921875 0.153125
6 0.1484375 0.915625 0.0890625 0.1515625
7 0.303125 0.9140625 0.08125 0.15625
8 0.459375 0.9140625 0.0984375 0.15625
9 0.615625 0.9140625 0.0875 0.159375
1 0.7765625 0.9125 0.0921875 0.159375